1693 E 545 2319
2961 T 781 809
757 m 4185 1867
4422 h 4561 2941
3839 G 43 3678
464 g 3098 2065
2344 X 3066 3512
3549 n 2775 1507
1195 N 1723 3092
858 J 668 993
3569 F 354 543
3562 r 5000 3651
1403 S 2863 1371
1726 s 1724 2980
975 Z 4416 4829
2644 X 716 1128
4741 F 789 3330
1731 u 71 1898
2280 A 79 1161
2377 v 1432 4259
3804 j 411 974
1300 G 1645 4030
4913 Z 3629 2381
4040 q 1770 2418
1305 q 285 1748
1402 a 29 1936
4894 o 3130 4863
4248 S 1019 3173
2600 m 2509 3116
1265 J 1944 4915
582 s 3260 2646
753 B 1763 2732
1138 c 4580 43
142 w 4534 2177
3374 n 4156 3780
4924 Z 827 1350
4406 x 2296 1917
4972 u 3746 3447
3549 t 1665 1943
1676 y 4435 1090
4583 y 4132 4451
2275 o 1821 2352
3571 F 3996 2206
4977 H 995 4777
3399 h 3793 456
3437 O 1869 4183
2560 L 3563 1703
1161 x 96 2866
3425 q 2483 173
3698 V 299 4928
3682 v 4945 3000
826 q 307 4068
3233 O 1268 4299
580 a 4067 2909
2792 r 2242 4691
1095 q 2184 2135
2517 W 4269 2561
1027 T 1102 4438
1878 j 3005 4812
4393 i 4872 2173
3538 f 3718 4222
1289 E 3502 2886
1320 q 99 322
167 t 1388 3511
1432 a 548 4553
3341 L 1692 2406
1015 A 4998 857
2278 D 2715 2430
2562 c 2390 4108
3895 f 5 4873
242 Y 2050 1323
3102 O 2941 576
3764 F 701 1527
3047 j 3073 1410
3713 X 2698 1915
1607 K 4671 4225
2578 Z 935 4303
4234 T 3664 1420
445 u 498 4086
4036 v 3996 4471
3860 R 4356 2315
3983 D 1417 3839
2664 P 713 4502
4074 U 686 1873
4296 V 2703 1546
3160 s 4452 4879
1397 I 2455 3890
4001 D 2836 3079
3039 f 2515 4575
2091 B 4170 4541
973 a 4746 1932
4309 m 3286 224
1424 p 3880 3298
4664 s 239 2605
4444 P 3483 4324
2661 i 3136 3687
3920 Z 1041 2614
4538 p 3121 424
3464 K 2426 2082
1067 n 1061 1041
75 s 1305 486
3956 b 3048 766
1681 q 4900 865
2353 F 150 4872
1111 p 3237 2202
3327 d 3206 1056
1736 A 1625 4197
4893 r 2232 2761
2325 v 3078 1602
2570 J 1188 2285
1736 g 4623 1123
1611 K 1594 3076
1551 Q 3422 4902
4379 k 4936 1945
546 k 4260 4256
3993 Q 2529 2156
2038 n 4473 3917
4312 w 3440 3381
480 Y 2330 1521
3689 Q 539 1401
828 m 936 3619
4734 O 4793 342
25 M 4550 1878
1822 W 2521 4539
464 d 2281 4817
4409 R 3096 1621
4326 k 540 891
2974 J 4077 8
452 Z 390 271
3837 s 3248 2569
1694 v 374 2482
450 q 2099 1202
2958 D 3609 94
136 r 2398 367
566 g 996 1167
2631 x 1809 4508
4276 C 3806 2327
52 Y 2540 4865
3579 I 3825 3089
792 f 3689 4891
1415 r 2938 2035
3046 L 2100 2449
118 n 4625 2994
1042 a 4250 673
2755 g 840 1001
3058 j 4041 3054
4164 p 1095 1500
1505 C 1995 4222
3596 d 4669 518
4736 C 4897 2326
2257 Q 518 3202
2570 U 4789 1273
1506 m 517 784
2243 M 3737 1288
3012 v 3578 2832
797 T 118 2238
3258 P 4338 3383
211 i 1583 4030
3461 l 1578 3600
1010 N 1602 4204
2563 P 1673 2601
2489 L 4453 4100
2691 D 3645 4238
3147 K 394 1113
1970 q 975 3429
3839 r 4710 1067
2193 j 4770 721
332 Q 4119 2319
2271 N 4758 2790
2939 z 972 3109
1157 n 3521 1095
4729 b 2921 3591
2428 N 346 1233
2053 Q 2776 3363
4924 U 2505 1208
3127 p 4816 3907
1045 U 1374 3621
3874 V 3477 2062
1574 k 4092 447
3352 I 1507 3931
4212 M 3092 2756
1771 w 1189 2985
930 C 4182 1287
726 a 1050 392
4244 E 3367 482
340 k 3265 646
3508 G 4036 80
4711 n 21 144
3126 u 4356 3504
2789 d 2033 3707
1814 V 1080 2656
322 n 4519 2322
3931 h 2130 1041
4952 z 2426 561
1463 x 4434 2580
2440 K 4924 3854
1686 l 2158 828
192 a 3331 1443
3823 H 1204 435
2545 a 2983 78
103 s 2385 4812
1357 m 631 1642
253 b 2195 4944
4174 L 2518 1230
336 k 2037 4314
425 G 1410 296
3524 I 3926 1713
975 A 3455 2068
4947 i 3555 4595
571 h 4563 1579
786 A 2675 2816
4713 f 171 3293
2535 g 1927 4648
4970 B 3588 3616
3760 o 1059 4280
4221 I 4252 1447
2465 L 3122 197
3268 E 4032 1986
324 W 142 3439
2916 s 4296 1305
3390 f 477 837
3783 B 2647 3981
1969 w 4291 3109
4452 N 4337 2083
1673 b 1442 3666
1216 b 826 1191
2131 u 3157 525
1752 e 1155 565
4084 s 1542 4826
2867 w 4379 1129
3586 w 555 2054
322 g 2393 3211
1017 u 3575 539
2406 B 538 2284
2114 o 2132 1646
2547 q 1273 4807
3283 r 867 4125
1548 n 4469 261
2395 W 4320 1587
2123 R 3201 3046
2062 V 3500 2233
2144 R 4041 785
2645 b 4552 2424
77 k 3433 792
4689 i 732 2572
3726 r 2934 1081
2218 x 1915 980
1349 G 3842 1640
1631 X 2672 4094
3894 m 1562 1522
4770 z 3132 4842
459 s 2163 438
1097 b 1718 256
3431 p 2947 1642
4528 d 4648 1949
4482 f 1793 289
1617 G 4847 2360
4523 e 1436 4396
4607 p 2882 3400
617 X 1607 95
4496 G 3967 421
1149 E 4299 3276
51 q 4003 2934
4730 h 1847 1181
1487 f 634 3876
4383 r 187 873
467 V 2767 2287
3839 W 250 4185
2354 L 3435 3616
573 N 132 3242
4534 k 4140 3493
4294 Z 4354 4225
1370 z 863 3373
3984 o 426 545
4578 p 415 577
1421 z 783 1370
982 h 4709 554
4972 G 3179 418
4347 D 1701 2522
3977 I 504 3985
2384 q 2716 2040
852 J 4707 3106
1846 k 2395 2873
3736 H 232 4797
3117 e 4993 3488
4655 Z 4057 1644
83 Q 1378 4148
3170 f 1048 886
2169 G 657 119
1358 B 4738 153
2125 c 3514 288
4335 Y 4422 829
2064 N 4402 1893
3390 J 2278 3220
331 P 1368 2814
2760 X 4463 2822
3403 k 4967 3160
2922 y 3368 1414
2273 a 937 2484
4305 A 4212 1527
2176 j 4230 3594
0 Q 642 2338
1027 H 1729 2690
4474 a 681 2723
1782 O 3176 376
2454 X 1220 1350
4886 d 4332 31
2574 y 148 4870
1697 R 1295 3761
4275 c 2150 2192
3904 a 1789 2882
4572 o 1650 3695
3738 d 3445 1605
1976 q 3708 4572
702 I 1735 1120
55 v 1846 2147
4271 P 3517 66
1512 N 335 4697
4836 M 3889 2772
4456 a 2376 4614
4797 I 3184 2447
138 q 2551 818
1671 U 1517 4221
2000 P 956 2593
4015 I 900 4244
4012 h 3503 2573
703 H 4045 2124
1979 X 279 4512
3353 A 4797 1740
2792 n 539 2841
3662 o 3046 3167
1940 J 2873 3058
558 L 655 2765
2530 x 3000 2192
3724 n 1794 457
4216 t 2593 4975
4551 H 3565 2298
3200 Y 4907 2901
3873 Y 4590 1141
2025 n 3877 4046
4439 S 1706 4906
4886 F 3264 2175
3570 B 153 2404
3537 t 3030 2549
4125 U 1877 2550
45 Z 4064 758
1429 U 4062 3639
939 i 946 4202
236 D 4390 2269
2088 N 2390 3277
4316 J 4101 2097
613 V 3528 4900
2382 g 2212 2834
1339 E 159 3595
3687 D 2718 4616
1891 N 4710 2373
1610 K 821 2177
4188 I 173 1062
1417 U 3011 664
430 w 3014 4846
4103 O 2841 4191
1472 H 500 4140
1825 V 626 2132
4393 N 4132 744
1000 Y 3476 699
2242 N 4405 3124
4218 n 3824 4669
3669 d 36 1280
2302 a 1877 1460
4800 q 4371 1915
1337 P 4324 4925
3524 R 3437 4019
2385 i 1630 2151
3365 z 793 1904
4387 S 4362 2930
3025 p 1312 4453
2669 q 4321 4292
462 u 4689 1719
1472 d 3082 1872
4340 H 2762 1053
3586 F 3057 962
2374 i 4671 1472
4681 A 4477 4426
566 T 345 1303
292 n 1767 1168
3739 H 4872 3580
3339 w 3757 26
3321 X 273 3078
4296 F 1368 1536
4608 L 1695 102
1748 s 4881 4308
3053 o 4262 4478
1557 r 802 2913
3555 u 1588 1242
4916 v 4124 140
1597 O 3561 1290
919 d 4136 507
2203 d 4295 228
4894 Q 4192 4459
2514 U 260 1131
4262 V 93 4818
3998 P 4351 3929
4108 f 4835 1921
272 z 294 54
2855 f 42 3782
116 E 3308 3198
345 I 4231 777
2879 N 1028 2902
1702 j 2241 2822
3046 t 301 1349
3351 i 4438 681
4584 F 613 4933
3964 A 992 2587
2652 v 2022 2455
1815 C 2971 837
4046 L 2336 1509
3167 d 3038 1799
4857 M 2463 2322
361 J 2912 630
4972 i 1010 2189
2794 Q 2818 1937
245 r 238 2596
1784 d 4514 1046
4749 m 2206 3624
4901 Y 949 2792
1357 H 1150 4953
1213 Y 4884 3802
616 K 61 1822
4232 b 4398 1726
4802 j 742 2167
1612 U 4280 3001
1052 p 3351 511
909 M 3763 3023
1714 C 1582 2863
71 J 2831 3340
1724 J 4538 1500
3518 y 3287 3623
2013 y 3473 2011
3009 v 65 3323
3542 f 3398 3433
1422 K 1504 3776
1968 v 1999 226
4902 g 3916 4596
2312 o 2245 1254
57 n 1205 37
4939 e 3178 1691
2063 D 4483 2028
414 n 4419 3791
495 n 1788 2348
3574 Y 1481 4619
595 a 809 884
3038 j 1255 1191
3362 G 693 868
2494 z 2400 4370
4600 s 4512 2655
3667 t 1959 4208
1583 s 825 2710
3858 T 3091 2062
2606 f 856 4294
112 a 3457 2598
3617 w 2478 2456
3612 J 711 4042
3273 Z 1199 1170
2206 W 4623 1318
4012 h 4820 133
2892 U 805 3711
1949 Z 1631 3880
1360 D 4694 1351
3288 M 4998 2772
3127 M 910 3427
3091 v 3719 2007
1023 Q 3069 4868
4698 K 1483 474
3544 l 3977 1929
709 q 4816 1204
1511 s 1561 4619
1053 q 2471 2630
1468 L 1124 4589
1678 G 1626 1377
413 V 3647 1139
2950 l 2335 317
2296 J 295 2295
3393 V 97 2030
1496 i 4807 3645
2677 O 2364 2075
4673 h 4509 2111
1343 J 4020 4006
3055 Q 2564 4243
1464 Z 3261 4979
926 V 985 4807
2740 c 3921 3267
4657 T 1711 429
1205 W 2546 3156
3766 p 3969 578
1649 b 1376 2819
3366 U 4786 2800
1950 p 3316 4714
1636 j 3729 3069
1922 O 2405 2752
3977 C 1102 110
