1692 o 1011 433
1113 U 67 3342
3432 F 4610 3050
2312 m 3574 375
129 k 573 4723
345 m 1436 4002
3953 L 1180 4690
1431 c 275 2460
907 u 4707 660
1189 k 4563 2018
4564 J 900 2037
2103 z 4056 2786
2022 b 1708 560
2696 R 1784 4741
1910 A 4896 3652
591 w 50 4056
3720 R 2805 162
2603 w 4727 4617
505 f 3536 3484
4587 g 4758 2933
4046 o 0 4504
1679 H 4940 1114
3996 T 990 4962
926 N 4912 2094
2670 T 498 3719
1627 m 4342 4924
212 W 2703 2929
474 C 3893 3295
1679 j 1406 4577
78 W 4162 158
1142 i 2387 1425
2293 G 1140 2779
3929 m 1758 1427
2452 E 2885 2551
538 J 3464 836
508 q 4547 2343
507 e 2627 2207
1712 F 2107 3648
4945 t 233 4274
3575 H 3129 135
557 Y 3034 4006
2743 h 3597 4027
1068 z 2162 3849
3190 Y 448 4148
3168 z 1967 4430
4216 m 51 2083
1843 i 2690 2122
2245 t 2729 3619
1586 K 3649 1638
1790 W 3849 783
4564 U 3874 4097
1928 t 899 857
516 g 2938 1659
2341 m 2586 4121
4665 T 2601 3583
2374 L 3945 3485
1112 U 3422 2473
4993 q 2095 2981
3776 c 412 1225
4347 C 760 3782
594 r 4214 4358
350 f 4454 1852
3277 n 3483 3250
2101 v 4955 3855
2796 w 1850 4568
797 n 4194 1260
2591 q 911 2674
2968 D 2205 1155
4402 x 2807 1814
576 K 2317 1727
3326 T 1045 1734
2531 a 1919 4495
1732 S 4365 234
2031 r 2636 924
302 M 3142 671
188 u 4298 3649
3396 n 4136 1515
977 L 4619 2647
2985 U 2411 3950
1142 v 1429 4733
1333 k 247 4946
2096 H 3970 1059
3349 I 3122 413
972 W 1685 3956
1895 C 4637 196
258 a 3515 2579
962 o 775 2788
3243 Q 3748 4783
228 F 4164 4563
3422 U 4451 3547
4454 Y 4528 3537
3415 o 3116 275
109 E 4445 4811
4016 X 441 3533
1174 l 2012 3877
222 Y 2292 2869
1795 V 1733 4845
2749 v 3718 1341
3528 d 3336 2590
2655 x 1327 3164
3062 q 1998 4005
740 k 2442 2184
3342 h 1975 631
4698 B 4149 3205
995 B 1961 3435
791 r 2194 4610
1641 E 363 473
397 g 1675 2537
91 K 2976 2683
4225 f 855 935
1333 X 1471 613
4392 B 846 4397
4529 z 721 4087
4268 g 3349 4007
2952 O 4270 1391
3134 x 577 2822
3744 a 3168 2507
3525 P 2215 379
1872 c 628 176
2761 R 3212 4349
4087 n 3851 4918
4072 z 674 1373
904 u 4437 3285
1319 r 83 1997
3714 u 3290 3456
2371 T 2931 1655
4979 b 2016 3151
3827 Y 347 3903
4415 M 4630 4984
3096 n 2966 4347
3069 Q 2912 2702
397 Y 4102 3685
2825 p 90 620
147 D 4959 2025
4050 u 2299 743
2808 C 720 4114
1255 x 4253 3856
1039 e 4514 815
156 P 1296 304
2054 J 3667 2119
3420 t 3933 959
689 T 3924 275
3369 z 4933 524
3653 S 2897 1961
3704 d 2114 3741
46 B 2200 4543
249 p 1426 4419
4331 Q 4572 4669
3943 g 3846 2752
200 x 3173 1815
620 l 2537 4250
635 V 4851 2027
3029 a 670 4483
1815 F 545 4845
1091 H 4176 1332
904 O 1240 3407
4205 o 40 499
202 u 3619 211
4554 g 4970 2172
3469 F 80 2306
2654 U 4883 2559
568 r 1825 2037
1 y 2226 1494
4325 P 4645 2644
4826 v 1002 2104
747 U 182 4170
2840 Z 124 2628
895 x 4887 1576
1762 x 98 373
263 d 2319 3815
2299 R 599 2486
4582 J 2678 582
4715 f 1958 1124
940 b 271 104
3905 n 942 1829
4276 w 1489 4433
1738 k 4879 2398
2491 E 3721 4735
2369 C 3152 2202
1329 w 2650 2725
1508 E 4751 506
2452 S 4791 3337
2187 k 2096 3124
3686 x 2393 3106
136 d 3977 1411
640 J 1987 4941
3498 N 3009 1223
1554 M 2770 132
2403 T 2167 1427
1406 p 955 3536
597 A 4095 4031
4679 w 1190 2441
4071 h 3840 1730
3700 d 4941 4244
3861 C 1461 201
2961 S 2011 4877
2200 v 2991 2640
4677 n 3631 87
4497 B 1764 1302
2404 R 4028 549
1067 b 2624 4829
3873 w 3141 1404
4852 h 4173 3339
4105 r 4145 3899
1305 c 4435 4893
1646 f 2305 2570
1950 X 348 4693
1298 C 4745 1163
2964 I 2527 902
1971 G 2144 904
2753 t 4695 912
577 a 3432 1815
3348 H 1634 2022
877 y 376 4898
1756 V 835 1581
3000 g 4103 1749
3295 P 2922 4715
4603 I 1200 752
4024 f 327 4009
4823 v 397 2016
1351 S 4128 578
391 t 4767 69
4491 N 4427 4529
3911 C 3077 485
2740 p 2815 4769
2530 d 3976 1437
1785 n 2376 2825
4566 Q 4540 3434
3668 a 1162 4980
2058 q 3756 632
3333 n 1354 503
1236 U 2458 2149
4470 C 1817 2950
3986 J 3623 1513
1946 i 4649 2541
981 s 1581 221
2275 X 1724 1439
4505 d 4357 3650
1133 e 1649 3607
229 y 2083 1866
589 z 2063 2257
3454 X 3801 4109
2400 g 3704 4513
835 C 1960 1889
1184 d 4587 2697
1800 V 2655 4940
2002 M 2257 69
873 t 473 4400
3466 m 1747 1446
4785 b 3777 2054
534 e 960 979
1889 f 3785 3962
2020 H 1362 2104
456 G 4487 3727
3653 h 4307 3459
4880 K 2745 1835
1330 U 2952 3403
2046 n 4384 3998
4226 K 1093 552
841 r 2607 978
2809 b 1982 1718
537 G 796 2184
4858 Y 4399 2583
4992 k 3136 1652
2503 t 996 1467
1876 F 4301 4457
4453 w 3992 158
3347 c 4508 1564
822 m 2106 219
3674 d 1101 3307
2467 X 3556 700
4244 V 1441 222
1773 x 3811 4306
319 x 1930 2997
4537 T 2280 3726
1310 d 4450 659
2832 M 1254 695
2624 O 4287 266
1062 T 418 871
3809 B 1255 750
2327 B 2673 1391
2517 Q 1540 2172
1686 Y 4541 4800
4924 E 4618 2309
521 n 2606 1117
4392 J 2712 846
1600 G 3080 2058
2628 C 939 3687
4364 y 1238 4885
2816 o 1606 499
2095 m 566 4880
4942 a 3066 4182
1526 J 46 1847
3444 W 4224 829
399 U 1806 4992
4170 M 1547 3149
3107 w 1683 4040
4374 v 230 1368
2889 b 1972 113
2904 Q 1858 2523
437 K 4199 3060
2791 I 320 3189
3046 l 2061 104
3868 n 2211 4801
1959 h 2633 3865
3885 O 2276 3072
4390 S 1518 4874
223 U 667 4525
4932 O 4422 2715
4949 h 1139 2311
3714 V 4101 3204
1497 U 4629 813
2141 t 4273 114
4585 i 922 1298
1576 Y 2031 2522
3994 f 2074 4543
2737 P 2416 1055
3648 R 542 3145
1459 I 443 1822
1096 i 3025 4831
4644 h 1745 1265
2648 I 4616 4641
2745 Z 2382 3153
4899 g 4180 1344
856 V 2871 1592
2187 I 3293 2360
3309 K 4344 3763
4020 z 3910 4364
398 W 4489 3201
689 L 2375 3598
987 O 1538 4898
2143 E 3371 4509
786 J 4988 362
1375 A 29 2874
1843 Q 2413 3891
3632 D 4356 2686
245 m 1974 2964
1035 Y 984 870
3200 T 3579 3841
4888 U 1381 4383
1253 D 4080 1857
282 r 763 953
3931 y 2165 2625
3794 g 4247 4623
2977 S 137 7
3339 k 167 836
373 F 3572 813
3073 w 4575 1860
4598 G 1388 375
1453 P 1644 4010
982 H 4447 3966
1783 e 446 2895
4014 Y 1778 1545
1791 I 4058 4743
4186 B 1532 2081
3338 x 4693 479
1463 M 789 391
2572 T 4611 4168
3594 O 739 1389
147 x 2702 4684
3306 g 3870 1120
1244 C 2385 205
2156 S 3314 1572
540 Z 803 3679
682 i 123 1609
635 o 2694 4804
2577 J 552 1845
1830 W 3864 992
2980 F 391 1042
1793 d 1513 230
1543 z 3611 1547
3408 a 448 1868
4143 N 1839 588
601 P 4784 4360
4886 m 3588 4471
302 q 4438 69
932 B 4205 4861
1638 B 1798 1347
2333 a 3321 4177
3952 l 3390 291
2576 r 244 1576
759 G 3785 1856
2603 B 4468 4266
2093 R 2959 1585
1652 r 657 2856
274 i 2179 3207
274 J 4419 610
520 e 419 2946
1291 k 3026 3950
2213 n 1729 3908
760 P 2261 3226
4742 U 1283 1450
2633 P 4235 590
2428 Q 4878 275
4374 X 60 3716
4668 Q 4038 984
164 L 2526 3626
26 q 2383 4884
4479 z 4671 1016
894 J 2130 2482
2458 C 1225 4864
2369 f 1480 4006
3233 X 4639 4760
284 e 3109 511
3865 V 1740 4277
1749 I 2887 1589
3725 l 1445 2797
4180 y 1462 2707
775 Y 3696 4981
4810 z 3062 1899
3559 f 3160 985
3009 h 747 1433
991 k 2116 4940
2637 z 570 4263
2793 D 383 2668
1480 y 1640 1066
2304 G 247 3212
2425 N 1392 2067
4303 Q 1534 2095
3192 Z 1740 825
3215 q 3741 2990
4355 C 4367 3696
1403 o 3690 2304
4182 W 4966 836
2751 S 162 557
4965 N 3402 1003
2019 v 2550 4174
1781 T 1354 3895
3091 V 2606 1028
824 q 1296 2724
4094 B 2945 2763
2936 Z 2481 2031
2562 l 3857 503
3134 n 1319 2428
604 R 2230 1620
2702 K 3807 1888
3 Y 1964 2551
4020 j 4886 260
3455 w 1425 3498
759 U 1450 2681
3968 J 152 4094
3850 M 951 4708
2362 k 4229 3731
4998 t 1497 4484
3895 i 1149 666
3844 T 3401 1865
3525 p 1763 1035
4759 s 992 2124
4830 j 3899 2216
3111 S 3319 2913
722 K 2229 285
788 A 210 3422
1900 b 3919 633
126 g 1334 3722
1100 u 69 1566
3726 U 1229 4472
2265 H 256 4560
2273 s 1514 3967
1020 y 3395 4180
1529 C 3481 2843
4911 o 4896 4174
1249 n 1194 411
1245 D 1357 2500
623 g 2400 901
1034 o 1065 1150
3875 s 2023 3622
4296 T 1888 748
1937 l 1047 1002
708 O 1751 1079
4561 c 4021 275
835 g 2427 694
4502 R 890 4824
2341 F 923 4362
2267 f 3434 3133
540 G 3094 1216
1601 y 4559 4822
3527 i 3978 279
4821 C 1330 4542
1440 I 233 1881
2536 Y 572 1858
3140 N 377 2642
3422 V 2171 516
4143 C 3347 178
3542 Q 1401 3363
3368 t 3366 1519
826 G 3907 4039
3257 G 4388 779
2085 E 3592 2643
1117 D 737 3803
149 G 1906 1604
3145 y 2166 1463
902 s 4035 1902
2858 b 3594 4272
1761 N 2687 3507
2363 z 341 474
4347 C 253 791
125 b 4486 2777
2420 X 2052 1337
1920 Z 1546 676
200 b 257 1665
